25
19 46
.#..###..####......#....#..###..####......#...
.#...##..###.......#...#...##..###.......#....
.#.#..#........##..#...#.#..#........##..#....
.###..........####.#...###..........####.#....
.###........#####..#...###........#####..#....
.##...##....###....#...##...##....###....#....
.##...###..........##..##...###..........##.#.
.#....###..####......#.#....###..####......#..
...p...##...#####..#.p...p...##...#####..#.p..
.#........#...####.##..#.W......#...####.##..#
........p.##....##.#.p..WHW...p.##....##.#.p.#
.##.####..##.......#.#.##W####..##.......#.#..
.#........###...p....p.#........###...p....p..
.#.p.p.#...###.....#...#.p.p.#...###.....#....
.#.....#######.....#.p.#.....#######.....#.p.#
.####################..####################...
.#pcccccccccccccccp#.p.#pcccccccccccccccp#.p..
.###################.#.###################.#..
############################################.#
12
12 16 16 21
10 8 14 21
8 3 12 21
10 21 16 18
8 21 13 3
13 5 16 2
8 25 8 43
10 30 10 43
13 27 16 24
13 25 16 40
12 38 16 43
12 43 14 43
